"ss"        101000     [ 1,0,1,0,0,0 ],      "101000"
"file"      100111     [ 1,0,0,1,1,1 ],      "100111"
"rev"       101110     [ 1,0,1,1,1,0 ],      "101110"
"repo"      101111     [ 1,0,1,1,1,1 ],      "101111"
"wordrev"   101100     [ 1,0,1,1,0,0 ],      "101100"
"chksum"    101101     [ 1,0,1,1,0,1 ],      "101101"
"site"      100010     [ 1,0,0,0,1,0 ],      "100010"
"unused1"   100011     [ 1,0,0,0,1,1 ],      "100011"
"unused2"   100000     [ 1,0,0,0,0,0 ],      "100000"
"unused3"   1100110    [ 1,1,0,0,1,1,0 ],    "1100110"
"b"         110001     [ 1,1,0,0,0,1 ],      "110001"
"a"         110000     [ 1,1,0,0,0,0 ],      "110000"
"9"         101011     [ 1,0,1,0,1,1 ],      "101011"
"8"         101010     [ 1,0,1,0,1,0 ],      "101010"
"."         101001     [ 1,0,1,0,0,1 ],      "101001"
"/"         100110     [ 1,0,0,1,1,0 ],      "100110"
"_"         100101     [ 1,0,0,1,0,1 ],      "100101"
"-"         100100     [ 1,0,0,1,0,0 ],      "100100"
"~"         100001     [ 1,0,0,0,0,1 ],      "100001"
"x"         011111     [ 0,1,1,1,1,1 ],      "011111"
"w"         011110     [ 0,1,1,1,1,0 ],      "011110"
"z"         011101     [ 0,1,1,1,0,1 ],      "011101"
"y"         011100     [ 0,1,1,1,0,0 ],      "011100"
"t"         011011     [ 0,1,1,0,1,1 ],      "011011"
"s"         011010     [ 0,1,1,0,1,0 ],      "011010"
"v"         011001     [ 0,1,1,0,0,1 ],      "011001"
"u"         011000     [ 0,1,1,0,0,0 ],      "011000"
"5"         010111     [ 0,1,0,1,1,1 ],      "010111"
"4"         010110     [ 0,1,0,1,1,0 ],      "010110"
"7"         010101     [ 0,1,0,1,0,1 ],      "010101"
"6"         010100     [ 0,1,0,1,0,0 ],      "010100"
"1"         010011     [ 0,1,0,0,1,1 ],      "010011"
"0"         010010     [ 0,1,0,0,1,0 ],      "010010"
"3"         010001     [ 0,1,0,0,0,1 ],      "010001"
"2"         010000     [ 0,1,0,0,0,0 ],      "010000"
"h"         001111     [ 0,0,1,1,1,1 ],      "001111"
"g"         001110     [ 0,0,1,1,1,0 ],      "001110"
"j"         001101     [ 0,0,1,1,0,1 ],      "001101"
"i"         001100     [ 0,0,1,1,0,0 ],      "001100"
"d"         001011     [ 0,0,1,0,1,1 ],      "001011"
"c"         001010     [ 0,0,1,0,1,0 ],      "001010"
"f"         001001     [ 0,0,1,0,0,1 ],      "001001"
"e"         001000     [ 0,0,1,0,0,0 ],      "001000"
"p"         000111     [ 0,0,0,1,1,1 ],      "000111"
"o"         000110     [ 0,0,0,1,1,0 ],      "000110"
"r"         000101     [ 0,0,0,1,0,1 ],      "000101"
"q"         000100     [ 0,0,0,1,0,0 ],      "000100"
"l"         000011     [ 0,0,0,0,1,1 ],      "000011"
"k"         000010     [ 0,0,0,0,1,0 ],      "000010"
"n"         000001     [ 0,0,0,0,0,1 ],      "000001"
"m"         000000     [ 0,0,0,0,0,0 ],      "000000"
"J"         1111111    [ 1,1,1,1,1,1,1 ],    "1111111"
"I"         1111110    [ 1,1,1,1,1,1,0 ],    "1111110"
"L"         1111101    [ 1,1,1,1,1,0,1 ],    "1111101"
"K"         1111100    [ 1,1,1,1,1,0,0 ],    "1111100"
"F"         1111011    [ 1,1,1,1,0,1,1 ],    "1111011"
"E"         1111010    [ 1,1,1,1,0,1,0 ],    "1111010"
"H"         1111001    [ 1,1,1,1,0,0,1 ],    "1111001"
"G"         1111000    [ 1,1,1,1,0,0,0 ],    "1111000"
"R"         1110111    [ 1,1,1,0,1,1,1 ],    "1110111"
"Q"         1110110    [ 1,1,1,0,1,1,0 ],    "1110110"
"T"         1110101    [ 1,1,1,0,1,0,1 ],    "1110101"
"S"         1110100    [ 1,1,1,0,1,0,0 ],    "1110100"
"N"         1110011    [ 1,1,1,0,0,1,1 ],    "1110011"
"M"         1110010    [ 1,1,1,0,0,1,0 ],    "1110010"
"P"         1110001    [ 1,1,1,0,0,0,1 ],    "1110001"
"O"         1110000    [ 1,1,1,0,0,0,0 ],    "1110000"
"Z"         1101111    [ 1,1,0,1,1,1,1 ],    "1101111"
"Y"         1101110    [ 1,1,0,1,1,1,0 ],    "1101110"
" "         1101101    [ 1,1,0,1,1,0,1 ],    "1101101"
"A"         1101100    [ 1,1,0,1,1,0,0 ],    "1101100"
"V"         1101011    [ 1,1,0,1,0,1,1 ],    "1101011"
"U"         1101010    [ 1,1,0,1,0,1,0 ],    "1101010"
"X"         1101001    [ 1,1,0,1,0,0,1 ],    "1101001"
"W"         1101000    [ 1,1,0,1,0,0,0 ],    "1101000"
"B"         1100111    [ 1,1,0,0,1,1,1 ],    "1100111"
"D"         1100101    [ 1,1,0,0,1,0,1 ],    "1100101"
"C"         1100100    [ 1,1,0,0,1,0,0 ],    "1100100"
